"Time differences (ps)"	"Counts per bin"
-50000	16716
-49950	16604
-49900	16668
-49850	16727
-49800	16773
-49750	16675
-49700	16852
-49650	16960
-49600	16649
-49550	16667
-49500	16555
-49450	16838
-49400	16592
-49350	16863
-49300	17084
-49250	16760
-49200	16682
-49150	16775
-49100	16806
-49050	16720
-49000	16774
-48950	16893
-48900	16788
-48850	16668
-48800	16531
-48750	16701
-48700	16980
-48650	16855
-48600	16845
-48550	16825
-48500	16977
-48450	16819
-48400	16811
-48350	16891
-48300	16762
-48250	16533
-48200	16631
-48150	16613
-48100	16710
-48050	16917
-48000	16756
-47950	16599
-47900	16914
-47850	16907
-47800	16348
-47750	16989
-47700	16891
-47650	16738
-47600	16618
-47550	16918
-47500	16906
-47450	16715
-47400	16812
-47350	16863
-47300	16677
-47250	16623
-47200	16871
-47150	16723
-47100	16673
-47050	16690
-47000	16888
-46950	16763
-46900	16752
-46850	16875
-46800	16657
-46750	16589
-46700	16995
-46650	16655
-46600	16439
-46550	16864
-46500	17097
-46450	16748
-46400	16465
-46350	16858
-46300	16813
-46250	16607
-46200	16644
-46150	16696
-46100	16579
-46050	16799
-46000	16887
-45950	16611
-45900	16688
-45850	16780
-45800	16733
-45750	16838
-45700	16776
-45650	16666
-45600	16585
-45550	16821
-45500	16913
-45450	16727
-45400	16830
-45350	16705
-45300	16579
-45250	16774
-45200	17165
-45150	16971
-45100	16560
-45050	16842
-45000	16640
-44950	16531
-44900	16981
-44850	16972
-44800	16650
-44750	16601
-44700	16895
-44650	17074
-44600	16814
-44550	16775
-44500	16920
-44450	16538
-44400	16654
-44350	16862
-44300	16853
-44250	16742
-44200	16868
-44150	16951
-44100	16423
-44050	16586
-44000	16800
-43950	16884
-43900	16695
-43850	17055
-43800	16766
-43750	16544
-43700	16807
-43650	16840
-43600	16571
-43550	16696
-43500	16866
-43450	16725
-43400	16774
-43350	16622
-43300	16686
-43250	16628
-43200	17208
-43150	16757
-43100	16442
-43050	16914
-43000	16802
-42950	16471
-42900	16712
-42850	17060
-42800	16634
-42750	16492
-42700	16943
-42650	16922
-42600	16697
-42550	16443
-42500	16840
-42450	16842
-42400	16667
-42350	16881
-42300	17174
-42250	16870
-42200	16736
-42150	16430
-42100	16778
-42050	16719
-42000	17025
-41950	16636
-41900	16545
-41850	16750
-41800	16628
-41750	16919
-41700	16740
-41650	16888
-41600	16677
-41550	16793
-41500	16970
-41450	16713
-41400	16721
-41350	16710
-41300	16919
-41250	16736
-41200	16839
-41150	16839
-41100	16489
-41050	16711
-41000	16841
-40950	16876
-40900	16473
-40850	16789
-40800	16888
-40750	16584
-40700	16825
-40650	16748
-40600	16737
-40550	16541
-40500	16754
-40450	16923
-40400	16787
-40350	16497
-40300	16919
-40250	16721
-40200	16746
-40150	16851
-40100	16626
-40050	16728
-40000	16559
-39950	16550
-39900	16881
-39850	16959
-39800	16506
-39750	16568
-39700	16742
-39650	16964
-39600	16563
-39550	16484
-39500	16866
-39450	16510
-39400	16923
-39350	16971
-39300	16979
-39250	16416
-39200	16843
-39150	16795
-39100	16670
-39050	16777
-39000	16593
-38950	16845
-38900	16974
-38850	16819
-38800	16610
-38750	16636
-38700	17146
-38650	16726
-38600	16690
-38550	16719
-38500	16810
-38450	17095
-38400	16630
-38350	16802
-38300	16728
-38250	16827
-38200	16816
-38150	16710
-38100	16577
-38050	16707
-38000	17052
-37950	16522
-37900	16541
-37850	17156
-37800	16893
-37750	16626
-37700	16587
-37650	16643
-37600	16867
-37550	16940
-37500	16486
-37450	16980
-37400	16944
-37350	16947
-37300	16581
-37250	16540
-37200	16710
-37150	16906
-37100	16816
-37050	16777
-37000	16765
-36950	16694
-36900	16748
-36850	16556
-36800	16830
-36750	16636
-36700	16813
-36650	16871
-36600	16910
-36550	16726
-36500	16827
-36450	16778
-36400	16595
-36350	16489
-36300	16774
-36250	17064
-36200	16719
-36150	16431
-36100	16597
-36050	16892
-36000	16981
-35950	16383
-35900	16570
-35850	17002
-35800	16758
-35750	16729
-35700	16692
-35650	16597
-35600	16780
-35550	16966
-35500	16899
-35450	16956
-35400	16788
-35350	16534
-35300	16750
-35250	16627
-35200	16745
-35150	16995
-35100	16847
-35050	16568
-35000	16657
-34950	16694
-34900	17326
-34850	16624
-34800	16423
-34750	16666
-34700	16953
-34650	16787
-34600	16994
-34550	16927
-34500	16579
-34450	16750
-34400	16735
-34350	16679
-34300	16800
-34250	16504
-34200	16667
-34150	16929
-34100	17014
-34050	16666
-34000	16417
-33950	16927
-33900	16769
-33850	16736
-33800	16648
-33750	16825
-33700	16821
-33650	16625
-33600	16705
-33550	16929
-33500	16515
-33450	16574
-33400	16524
-33350	16618
-33300	16816
-33250	18022
-33200	19778
-33150	20246
-33100	20017
-33050	20558
-33000	22800
-32950	24391
-32900	24898
-32850	24324
-32800	22823
-32750	21583
-32700	21463
-32650	21482
-32600	20962
-32550	21419
-32500	20057
-32450	20383
-32400	19458
-32350	19883
-32300	19831
-32250	19623
-32200	20099
-32150	20073
-32100	19626
-32050	19686
-32000	19210
-31950	19765
-31900	19108
-31850	19227
-31800	18704
-31750	19340
-31700	19407
-31650	19533
-31600	19272
-31550	19827
-31500	19767
-31450	19541
-31400	20087
-31350	19781
-31300	19634
-31250	19168
-31200	19761
-31150	20191
-31100	20518
-31050	20214
-31000	19496
-30950	18649
-30900	18900
-30850	19411
-30800	18946
-30750	19063
-30700	18674
-30650	18505
-30600	18494
-30550	19145
-30500	20495
-30450	19259
-30400	19914
-30350	20654
-30300	21860
-30250	21604
-30200	21445
-30150	19203
-30100	19738
-30050	20514
-30000	21257
-29950	22670
-29900	20432
-29850	19383
-29800	20552
-29750	21145
-29700	20581
-29650	21177
-29600	18667
-29550	19030
-29500	18662
-29450	18466
-29400	19000
-29350	19380
-29300	19099
-29250	19380
-29200	18946
-29150	18729
-29100	19003
-29050	19021
-29000	18094
-28950	18234
-28900	18479
-28850	18408
-28800	18415
-28750	19065
-28700	19463
-28650	19326
-28600	19406
-28550	18805
-28500	18255
-28450	18386
-28400	18327
-28350	17835
-28300	17776
-28250	18168
-28200	18773
-28150	18667
-28100	17414
-28050	16615
-28000	16698
-27950	17265
-27900	18198
-27850	19000
-27800	19685
-27750	22121
-27700	25752
-27650	30254
-27600	36289
-27550	38603
-27500	36362
-27450	34169
-27400	33228
-27350	35653
-27300	36345
-27250	38366
-27200	38352
-27150	32642
-27100	31016
-27050	33108
-27000	35319
-26950	33293
-26900	32470
-26850	34631
-26800	37584
-26750	37906
-26700	33715
-26650	31945
-26600	33419
-26550	35397
-26500	33948
-26450	32408
-26400	33084
-26350	30590
-26300	31010
-26250	34104
-26200	31481
-26150	28189
-26100	31135
-26050	35916
-26000	33458
-25950	26684
-25900	25809
-25850	30161
-25800	32156
-25750	27531
-25700	26183
-25650	28150
-25600	31270
-25550	31098
-25500	28408
-25450	25420
-25400	24981
-25350	25303
-25300	27265
-25250	27936
-25200	28384
-25150	28553
-25100	28152
-25050	26798
-25000	26682
-24950	27279
-24900	26715
-24850	26868
-24800	28626
-24750	28302
-24700	27883
-24650	27983
-24600	28701
-24550	30202
-24500	29570
-24450	30701
-24400	30901
-24350	33863
-24300	35827
-24250	33810
-24200	31982
-24150	29074
-24100	26573
-24050	26121
-24000	26186
-23950	27783
-23900	30608
-23850	38559
-23800	44204
-23750	43852
-23700	40998
-23650	37180
-23600	36657
-23550	36507
-23500	33334
-23450	25255
-23400	22211
-23350	22141
-23300	21845
-23250	22111
-23200	22248
-23150	21985
-23100	21914
-23050	21852
-23000	21508
-22950	21327
-22900	21339
-22850	21601
-22800	21260
-22750	21002
-22700	20564
-22650	21015
-22600	21272
-22550	21738
-22500	21136
-22450	20315
-22400	20221
-22350	20518
-22300	21166
-22250	21410
-22200	21371
-22150	21277
-22100	21302
-22050	21261
-22000	22142
-21950	23342
-21900	24284
-21850	24675
-21800	23997
-21750	22206
-21700	22421
-21650	27760
-21600	28482
-21550	24218
-21500	23697
-21450	25594
-21400	27131
-21350	28796
-21300	31345
-21250	32901
-21200	29254
-21150	23870
-21100	19987
-21050	18662
-21000	18154
-20950	18066
-20900	18057
-20850	17989
-20800	17952
-20750	18018
-20700	17875
-20650	17902
-20600	17999
-20550	17727
-20500	17753
-20450	18105
-20400	17985
-20350	17981
-20300	18211
-20250	17923
-20200	17587
-20150	17817
-20100	18158
-20050	18334
-20000	17898
-19950	17767
-19900	17797
-19850	17600
-19800	17761
-19750	17714
-19700	17666
-19650	17661
-19600	18038
-19550	17841
-19500	17408
-19450	17688
-19400	18075
-19350	17759
-19300	17391
-19250	17726
-19200	17787
-19150	17812
-19100	17788
-19050	17839
-19000	17812
-18950	17752
-18900	17627
-18850	17731
-18800	17678
-18750	17716
-18700	17587
-18650	17502
-18600	17643
-18550	17612
-18500	17935
-18450	17975
-18400	17710
-18350	17808
-18300	17769
-18250	17725
-18200	17579
-18150	17790
-18100	18243
-18050	17774
-18000	17574
-17950	17686
-17900	18030
-17850	17793
-17800	17707
-17750	17634
-17700	17534
-17650	17648
-17600	17427
-17550	17513
-17500	17450
-17450	17496
-17400	17490
-17350	17794
-17300	17532
-17250	17516
-17200	17206
-17150	17395
-17100	17429
-17050	17371
-17000	17869
-16950	17851
-16900	17547
-16850	17495
-16800	17573
-16750	17657
-16700	17567
-16650	17458
-16600	17783
-16550	17721
-16500	17551
-16450	17672
-16400	17389
-16350	17548
-16300	17561
-16250	17565
-16200	17409
-16150	17655
-16100	17741
-16050	17208
-16000	17151
-15950	17460
-15900	17799
-15850	17521
-15800	17539
-15750	17644
-15700	17342
-15650	17101
-15600	17280
-15550	17366
-15500	17723
-15450	17639
-15400	17379
-15350	17471
-15300	17342
-15250	17646
-15200	17539
-15150	17521
-15100	17478
-15050	17481
-15000	17684
-14950	17422
-14900	17303
-14850	17563
-14800	17584
-14750	17339
-14700	17477
-14650	17463
-14600	17551
-14550	17484
-14500	17422
-14450	17311
-14400	17519
-14350	17389
-14300	17309
-14250	17326
-14200	17261
-14150	17006
-14100	17029
-14050	17502
-14000	17533
-13950	17216
-13900	17253
-13850	17368
-13800	17159
-13750	17355
-13700	17469
-13650	17454
-13600	16970
-13550	17182
-13500	17407
-13450	17196
-13400	17324
-13350	17432
-13300	17465
-13250	17095
-13200	17277
-13150	17591
-13100	17351
-13050	17415
-13000	17246
-12950	17304
-12900	17296
-12850	17300
-12800	17281
-12750	17489
-12700	17328
-12650	17171
-12600	17300
-12550	17372
-12500	17280
-12450	17416
-12400	17389
-12350	17126
-12300	17426
-12250	17367
-12200	17403
-12150	17218
-12100	16979
-12050	17691
-12000	17396
-11950	17314
-11900	17179
-11850	17626
-11800	17315
-11750	17457
-11700	17360
-11650	17192
-11600	17385
-11550	17056
-11500	17553
-11450	17412
-11400	17267
-11350	17364
-11300	17387
-11250	17508
-11200	17208
-11150	17212
-11100	17188
-11050	17398
-11000	17513
-10950	17523
-10900	17138
-10850	17233
-10800	17350
-10750	17410
-10700	17155
-10650	17173
-10600	17386
-10550	16981
-10500	17028
-10450	17680
-10400	17429
-10350	17123
-10300	17321
-10250	17048
-10200	17307
-10150	17062
-10100	16958
-10050	17148
-10000	17256
-9950	17366
-9900	17197
-9850	17395
-9800	17226
-9750	17038
-9700	17047
-9650	17182
-9600	17305
-9550	17130
-9500	17416
-9450	17251
-9400	17299
-9350	17085
-9300	16960
-9250	17390
-9200	17326
-9150	17368
-9100	17118
-9050	17212
-9000	17713
-8950	17297
-8900	16818
-8850	17167
-8800	17451
-8750	17219
-8700	17312
-8650	17277
-8600	17236
-8550	17068
-8500	16880
-8450	17276
-8400	17633
-8350	17177
-8300	17241
-8250	16974
-8200	17102
-8150	17227
-8100	17163
-8050	17293
-8000	17136
-7950	16940
-7900	17130
-7850	17243
-7800	16890
-7750	17083
-7700	16945
-7650	17061
-7600	17049
-7550	17354
-7500	16891
-7450	16935
-7400	17108
-7350	17166
-7300	16878
-7250	16961
-7200	17005
-7150	17275
-7100	16885
-7050	17111
-7000	17142
-6950	17108
-6900	17193
-6850	17084
-6800	16971
-6750	17169
-6700	17234
-6650	17146
-6600	17063
-6550	17110
-6500	16731
-6450	17187
-6400	16999
-6350	17314
-6300	17268
-6250	17143
-6200	16886
-6150	16916
-6100	17165
-6050	17319
-6000	17010
-5950	17052
-5900	17122
-5850	17166
-5800	17133
-5750	16819
-5700	16996
-5650	16947
-5600	17080
-5550	17248
-5500	16887
-5450	16902
-5400	16581
-5350	17036
-5300	17182
-5250	17249
-5200	17070
-5150	16719
-5100	16976
-5050	17107
-5000	16937
-4950	16709
-4900	16677
-4850	17308
-4800	17434
-4750	16964
-4700	16922
-4650	16707
-4600	16902
-4550	17040
-4500	16949
-4450	17145
-4400	16979
-4350	17021
-4300	16892
-4250	16944
-4200	16901
-4150	17091
-4100	17039
-4050	17039
-4000	17060
-3950	17184
-3900	16501
-3850	16793
-3800	17183
-3750	17099
-3700	16973
-3650	17216
-3600	16898
-3550	16819
-3500	16994
-3450	16876
-3400	17015
-3350	16897
-3300	17245
-3250	16933
-3200	17005
-3150	17087
-3100	16821
-3050	16800
-3000	17108
-2950	16931
-2900	17328
-2850	17163
-2800	16850
-2750	17013
-2700	17167
-2650	16668
-2600	17120
-2550	17123
-2500	17097
-2450	16738
-2400	16943
-2350	17105
-2300	16678
-2250	16953
-2200	17057
-2150	17169
-2100	16706
-2050	17041
-2000	17138
-1950	16992
-1900	16861
-1850	16994
-1800	16661
-1750	16825
-1700	17030
-1650	17013
-1600	16565
-1550	16581
-1500	17484
-1450	16867
-1400	16239
-1350	17067
-1300	17075
-1250	16638
-1200	16645
-1150	17112
-1100	17169
-1050	16920
-1000	16925
-950	16854
-900	17078
-850	16851
-800	16601
-750	16557
-700	17114
-650	17103
-600	16680
-550	16731
-500	17132
-450	17171
-400	16774
-350	16890
-300	16843
-250	16610
-200	17131
-150	17030
-100	16706
-50	16811
0	17201
50	16804
100	16634
150	16884
200	16674
250	16951
300	16918
350	17031
400	16799
450	17149
500	16672
550	16815
600	16771
650	17075
700	17113
750	16752
800	16567
850	17307
900	17027
950	16800
1000	16984
1050	16945
1100	16852
1150	17052
1200	16903
1250	16718
1300	16927
1350	17124
1400	16768
1450	16867
1500	16928
1550	17094
1600	16792
1650	16481
1700	16784
1750	17157
1800	17294
1850	16741
1900	16719
1950	16960
2000	17051
2050	16660
2100	16721
2150	17148
2200	16885
2250	16787
2300	17034
2350	16618
2400	16720
2450	16772
2500	17148
2550	16662
2600	16629
2650	16940
2700	17036
2750	17154
2800	17026
2850	16574
2900	16938
2950	17160
3000	16866
3050	16786
3100	16770
3150	17026
3200	16875
3250	16800
3300	16707
3350	16896
3400	17003
3450	17291
3500	16694
3550	16882
3600	16948
3650	16617
3700	16760
3750	16875
3800	17047
3850	17012
3900	16901
3950	17048
4000	16735
4050	16790
4100	16884
4150	16715
4200	16748
4250	16825
4300	16618
4350	17069
4400	16956
4450	16886
4500	16865
4550	16682
4600	16837
4650	16744
4700	16763
4750	16750
4800	16934
4850	16945
4900	16825
4950	16844
5000	16677
5050	16890
5100	16891
5150	16911
5200	16715
5250	16583
5300	16685
5350	17065
5400	16970
5450	16993
5500	16750
5550	16786
5600	16834
5650	17021
5700	16714
5750	16725
5800	16746
5850	16966
5900	16960
5950	16789
6000	16837
6050	16906
6100	16847
6150	16787
6200	16785
6250	16913
6300	16885
6350	16836
6400	16628
6450	16722
6500	16751
6550	16929
6600	17168
6650	16911
6700	16676
6750	16993
6800	16984
6850	16628
6900	16936
6950	17105
7000	16860
7050	16552
7100	16957
7150	16853
7200	16902
7250	16976
7300	16793
7350	17058
7400	16923
7450	16496
7500	16723
7550	16914
7600	16825
7650	16713
7700	16998
7750	16989
7800	16779
7850	16961
7900	16954
7950	16455
8000	16890
8050	16837
8100	16760
8150	16748
8200	16847
8250	16763
8300	16781
8350	16910
8400	16778
8450	16938
8500	16516
8550	16957
8600	16965
8650	16882
8700	16702
8750	16655
8800	16837
8850	16852
8900	16778
8950	16689
9000	16836
9050	17224
9100	16912
9150	16760
9200	16713
9250	16788
9300	16978
9350	17078
9400	16761
9450	16653
9500	16850
9550	17074
9600	16614
9650	16872
9700	16876
9750	16817
9800	16607
9850	17242
9900	16938
9950	16769
10000	16801
10050	17019
10100	16808
10150	16513
10200	16912
10250	16753
10300	17022
10350	16745
10400	16713
10450	16830
10500	16931
10550	16905
10600	16967
10650	16618
10700	16608
10750	16876
10800	16752
10850	17048
10900	16991
10950	16716
11000	16704
11050	16897
11100	16802
11150	17092
11200	16651
11250	16825
11300	17002
11350	16655
11400	16789
11450	16793
11500	16788
11550	16675
11600	16704
11650	16744
11700	16796
11750	16782
11800	16814
11850	16894
11900	16689
11950	16845
12000	16933
12050	16759
12100	16776
12150	16619
12200	16755
12250	16884
12300	16967
12350	16804
12400	16538
12450	16816
12500	16962
12550	16717
12600	16798
12650	16748
12700	16963
12750	16498
12800	16665
12850	17005
12900	16839
12950	16726
13000	16780
13050	16861
13100	16673
13150	16781
13200	16696
13250	16909
13300	16785
13350	16910
13400	16759
13450	16618
13500	16643
13550	17269
13600	16445
13650	16736
13700	16923
13750	16738
13800	16609
13850	17066
13900	16901
13950	16691
14000	16782
14050	16744
14100	16855
14150	16584
14200	16825
14250	16766
14300	16843
14350	16714
14400	16643
14450	16826
14500	16774
14550	16656
14600	16978
14650	16702
14700	16876
14750	16653
14800	16889
14850	16842
14900	16661
14950	16988
15000	17382
15050	16639
15100	16703
15150	16935
15200	16819
15250	16991
15300	16938
15350	16816
15400	16638
15450	16786
15500	16936
15550	17027
15600	16965
15650	16771
15700	16751
15750	16749
15800	16948
15850	16574
15900	16857
15950	17247
16000	17015
16050	16720
16100	16496
16150	17037
16200	17025
16250	16799
16300	16947
16350	16872
16400	16726
16450	16783
16500	17017
16550	16775
16600	16770
16650	17198
16700	16941
16750	16524
16800	16941
16850	16965
16900	16797
16950	16938
17000	16735
17050	16967
17100	17094
17150	16776
17200	16834
17250	16778
17300	16814
17350	16893
17400	17008
17450	16985
17500	16825
17550	16979
17600	16761
17650	16959
17700	16456
17750	16786
17800	17125
17850	16919
17900	16844
17950	16953
18000	16727
18050	16697
18100	16634
18150	17096
18200	16433
18250	16628
18300	16960
18350	17126
18400	16524
18450	16691
18500	16799
18550	16759
18600	17070
18650	16978
18700	16553
18750	16512
18800	16814
18850	17002
18900	16999
18950	16681
19000	16715
19050	16946
19100	16865
19150	16832
19200	16574
19250	16673
19300	17014
19350	17001
19400	16914
19450	16769
19500	16827
19550	16868
19600	16899
19650	16627
19700	16547
19750	17084
19800	17184
19850	16789
19900	16772
19950	16886
20000	17178
20050	16847
20100	16466
20150	16877
20200	16996
20250	16711
20300	16575
20350	16866
20400	16891
20450	16847
20500	16893
20550	16664
20600	16767
20650	17204
20700	16919
20750	16852
20800	16726
20850	16717
20900	17083
20950	16727
21000	16733
21050	16808
21100	17052
21150	16763
21200	16669
21250	16827
21300	16900
21350	16918
21400	16837
21450	16799
21500	17012
21550	17104
21600	16952
21650	16684
21700	16681
21750	16925
21800	16871
21850	16714
21900	17074
21950	16932
22000	16950
22050	16451
22100	16829
22150	16928
22200	16910
22250	16876
22300	17167
22350	16414
22400	16649
22450	16786
22500	16915
22550	17092
22600	17094
22650	16505
22700	16610
22750	17000
22800	17011
22850	17035
22900	16794
22950	16894
23000	16840
23050	16875
23100	16760
23150	16745
23200	16858
23250	16692
23300	17112
23350	16848
23400	16830
23450	16928
23500	16777
23550	16781
23600	16972
23650	16893
23700	16686
23750	16812
23800	17067
23850	17035
23900	16633
23950	16847
24000	16921
24050	16848
24100	16617
24150	16823
24200	16832
24250	16697
24300	16984
24350	16908
24400	16702
24450	16819
24500	17113
24550	16560
24600	16567
24650	16981
24700	16784
24750	16749
24800	16711
24850	16766
24900	16908
24950	17166
25000	16524
25050	16533
25100	17076
25150	16834
25200	16617
25250	16784
25300	16889
25350	16663
25400	16616
25450	16790
25500	16695
25550	16907
25600	16948
25650	16763
25700	16613
25750	16667
25800	17102
25850	16801
25900	16878
25950	16754
26000	16940
26050	16586
26100	16799
26150	16678
26200	16860
26250	16705
26300	17025
26350	16862
26400	16877
26450	16702
26500	17135
26550	16691
26600	16766
26650	17004
26700	16740
26750	16522
26800	16752
26850	16768
26900	16769
26950	16949
27000	17057
27050	16915
27100	16872
27150	16801
27200	16743
27250	16799
27300	17015
27350	16997
27400	16738
27450	16898
27500	16813
27550	16567
27600	16751
27650	16896
27700	16927
27750	17002
27800	16751
27850	16753
27900	16621
27950	17026
28000	17042
28050	16683
28100	16465
28150	16952
28200	16845
28250	16636
28300	16637
28350	17087
28400	16989
28450	16910
28500	16648
28550	16703
28600	16785
28650	16775
28700	17175
28750	16743
28800	16784
28850	16999
28900	16869
28950	16839
29000	16933
29050	16695
29100	16805
29150	16917
29200	16997
29250	16715
29300	16655
29350	16964
29400	16619
29450	16907
29500	16949
29550	16748
29600	17012
29650	17016
29700	16710
29750	16781
29800	16953
29850	16858
29900	16729
29950	17032
30000	16969
30050	16705
30100	16651
30150	16716
30200	16657
30250	17051
30300	16999
30350	16755
30400	16678
30450	16873
30500	16963
30550	16718
30600	16886
30650	16655
30700	16806
30750	16948
30800	16919
30850	16743
30900	16755
30950	16632
31000	16859
31050	16842
31100	16480
31150	16916
31200	16881
31250	17083
31300	16622
31350	16872
31400	16899
31450	16519
31500	16597
31550	16754
31600	16776
31650	16724
31700	16772
31750	16540
31800	17057
31850	16681
31900	16708
31950	16662
32000	16895
32050	16611
32100	16807
32150	16677
32200	16652
32250	16924
32300	16652
32350	16388
32400	16733
32450	17173
32500	16787
32550	16658
32600	16757
32650	16725
32700	16631
32750	16947
32800	16623
32850	16893
32900	16850
32950	17101
33000	16747
33050	16778
33100	16743
33150	16647
33200	16800
33250	17085
33300	16760
33350	16845
33400	16719
33450	16926
33500	16679
33550	16680
33600	16894
33650	16880
33700	16712
33750	16838
33800	16911
33850	16585
33900	16655
33950	16849
34000	16727
34050	16818
34100	16677
34150	16716
34200	16715
34250	16575
34300	16658
34350	16714
34400	17169
34450	16709
34500	16606
34550	16490
34600	16772
34650	16937
34700	16553
34750	16787
34800	16965
34850	16805
34900	16764
34950	16813
35000	16621
35050	16676
35100	16840
35150	16742
35200	16824
35250	16827
35300	16850
35350	17043
35400	16821
35450	16632
35500	16568
35550	16844
35600	17061
35650	17014
35700	16817
35750	16751
35800	16929
35850	16614
35900	16813
35950	16893
36000	17161
36050	16794
36100	16705
36150	16766
36200	16851
36250	16846
36300	17069
36350	17033
36400	16604
36450	16642
36500	16830
36550	16975
36600	16843
36650	16803
36700	16886
36750	16781
36800	16752
36850	16860
36900	16854
36950	16882
37000	16829
37050	16623
37100	16875
37150	16746
37200	16911
37250	16859
37300	16696
37350	16683
37400	16651
37450	16624
37500	16819
37550	16874
37600	16853
37650	16761
37700	16617
37750	17078
37800	16668
37850	16549
37900	16712
37950	16827
38000	16641
38050	16531
38100	16739
38150	16892
38200	16864
38250	16548
38300	16805
38350	16799
38400	16767
38450	16653
38500	16642
38550	16966
38600	16835
38650	16719
38700	16635
38750	16843
38800	16901
38850	16896
38900	16501
38950	16820
39000	16664
39050	16761
39100	16975
39150	16797
39200	16677
39250	16996
39300	16846
39350	16653
39400	16525
39450	16876
39500	16830
39550	16859
39600	16765
39650	16860
39700	16907
39750	16685
39800	16979
39850	16720
39900	16570
39950	16434
40000	16771
40050	17140
40100	16779
40150	16617
40200	16709
40250	17090
40300	16944
40350	16396
40400	16738
40450	16920
40500	16832
40550	17007
40600	16778
40650	16670
40700	16870
40750	16958
40800	16588
40850	16514
40900	16817
40950	16970
41000	16796
41050	16499
41100	16758
41150	16575
41200	16840
41250	17060
41300	17120
41350	16590
41400	16713
41450	16843
41500	16819
41550	16883
41600	16880
41650	16827
41700	16779
41750	16643
41800	16657
41850	17053
41900	16882
41950	16802
42000	16733
42050	16877
42100	16904
42150	16850
42200	16791
42250	16609
42300	16864
42350	16960
42400	16920
42450	16759
42500	17025
42550	17007
42600	16857
42650	16778
42700	17024
42750	16628
42800	16847
42850	16915
42900	16879
42950	16661
43000	16804
43050	16857
43100	17192
43150	16933
43200	16596
43250	16407
43300	16761
43350	17048
43400	17007
43450	16915
43500	16570
43550	16712
43600	17024
43650	16689
43700	16753
43750	16705
43800	16858
43850	16774
43900	17126
43950	16564
44000	16609
44050	16752
44100	16873
44150	16651
44200	16733
44250	17119
44300	16746
44350	16645
44400	16680
44450	16902
44500	16530
44550	16786
44600	16766
44650	16708
44700	16990
44750	16884
44800	16453
44850	16841
44900	16634
44950	16843
45000	16827
45050	16716
45100	16770
45150	16989
45200	16421
45250	16540
45300	16826
45350	16738
45400	16752
45450	16743
45500	16813
45550	16778
45600	17083
45650	16834
45700	16699
45750	16484
45800	16811
45850	16957
45900	16862
45950	16608
46000	16755
46050	16624
46100	17015
46150	16725
46200	16652
46250	16582
46300	16876
46350	16843
46400	16593
46450	16631
46500	16867
46550	16831
46600	16797
46650	16556
46700	16751
46750	16956
46800	16806
46850	16645
46900	16723
46950	16715
47000	16776
47050	16688
47100	16746
47150	16651
47200	16820
47250	16822
47300	16824
47350	16715
47400	16678
47450	16584
47500	16925
47550	16575
47600	16869
47650	16779
47700	16649
47750	16665
47800	16782
47850	16659
47900	16744
47950	16585
48000	16765
48050	16962
48100	16519
48150	16766
48200	16750
48250	16676
48300	16951
48350	16910
48400	16729
48450	16761
48500	16921
48550	16781
48600	16829
48650	16868
48700	16684
48750	16671
48800	16938
48850	16742
48900	16568
48950	16950
49000	16881
49050	16651
49100	16712
49150	17146
49200	16958
49250	16895
49300	16535
49350	16689
49400	16717
49450	16672
49500	17106
49550	16944
49600	16610
49650	16555
49700	16866
49750	16801
49800	16815
49850	16668
49900	16959
49950	16902
